% 行列足し算
M_PLUS = [1, 0; 2, 5; 3, 1] + [-3, 4; 0, 2; 1, 3]


% 行列掛け算
M_Multiply = [1,2,1,5; 0,3,0,4; -1,-2,0,0] * [1; 3; 2; 1]


%{
M_PLUS =

  -2   4
   2   7
   4   4

M_Multiply =

   14
   13
   -7
%}
